201410082411
201110350711
201120430811
201010330011
201310079011
201420537911
201110352211
200910065611
201210332211
201210080911
201220455611
201210081511
201310078711
201210081711
201210332411
201420538111
201310080111
201520549611
201120432411
201220456811
201410082711
200920391311
200820579711
201220456011
201310415211
201110350011
201520549711
201310081911
201310080511
201210080311
200920390611
201520550311
201210078411
200920390511
201310078411
201310456111
201510173411
201420539111
201010077711
201320515911
201210080511
201210079711
201510173911
200820488411
201410084711
201510172311
201520551611
201210380311
200820396111
200610299711
201310415111
201120432011
201220455511
201510175411
201410083311
201310080811
201020583611
201410085011
201320518611
201320517811
201320517211
200910125011
201120431211
201220455811
201120431011
201110353211
201310080411
201310079211
201410084111
200520546411
201020418111
201310081411
201520551211
201310079311
201520760411
201510003414
201420540011
201020583111
201220455711
200920545811
200920389111
201220613411
201520550511
201110349611
201320714011
201410085411
201210081111
201520548911
200910292611
200910235811
201120587611
200820544911
201520713311
200910106311
201520549811
200710186311
201520745211
201420541411
201010076511
201410082611
201420540211
201110376911
201010329411
201410085911
200820522411
201310081311
201210080111
201510173011
201020415211
201320518511
200910123311
201010077411
201220455211
201210078911
201520549511
201220457011
201420538911
201020583211
201010077311
201420541211
201210332911
201120433611
201020417711
200910076811
201020416011
201520551011
201020417211
201320518911
200320406611
201420541711
201520549211
201510174811
201510175711
201510175111
201110351311
200920392011
201510172911
201310078911
201410084411
201510173811
200910287011
201220456311
201320698411
200720386111
201110349411
201410085811
201320518711
201120430611
201520548611
201510172811
201320518311
201420826611
201410083111
201520548511
201410083511
201110350511
201110350411
201420538811
201410083711
201420539611
201510173611
201320515611
201210079311
201210081811
201320517111
201020415111
201510442811
201120432111
201220456611
201410082511
201320516611
201120605411
200920389611
201220613811
201410084911
201220455911
201120433411
201020416611
201010329811
201310079711
201310079111
201410084511
201420540311
201420539411
201520760511
200520517511
201310081511
201210079811
201110350611
201110350311
201120433211
200910118311
201410082211
201420538011
201510172511
201420539711
201510175611
201110349711
201020415811
201110352111
201510173711
201210332511
201220458811
201310414711
201320516811
201210079911
201220457411
201210081011
200820595011
201420541511
201220613711
201220613611
201210080011
201420538411
201220455311
200920545311
200920392611
201220456911
201320674211
201410082811
201010074411
201320517311
201520551411
201210079011
200910234611
201010054611
201520551711
201010077611
201410344611
201020416711
201120433311
201320515711
201020417811
201110351511
200820539611
201520550911
201110351111
201510173111
201420539211
200920392211
201110350111
201310078611
201510176111
201510175311
201510174111
200920390311
201220456211
201320517911
201220456711
201310079911
201410084311
200920545711
200620358611
201110352511
201210079411
200910114811
201510476511
201220458911
201020415711
201520548211
201320515411
201310079411
201210079511
201520548811
201410344511
201420818211
201220458611
201520551111
201510173211
201520550211
201410085111
201510173511
200820534811
201120432211
201310080911
201110351711
201520551311
201310081211
201320674111
201120431911
201110351211
201420539011
201520551811
201510174511
201510174611
201220458711
201510174311
201320516411
201510175511
201510175011
201010074111
201320515811
201310414511
201420540711
201320517011
201410083611
201310414611
201410084811
201210080811
201210080611
201020414911
201310079811
201310446011
201220458211
201320713911
201310079611
200920389711
201020415511
201220613511
201420538611
201010076311
201410082911
201410082311
201220457611
201220457311
201420539511
201120432711
201420537811
201110351911
201020583311
201320516911
201520548311
201410083011
201220457211
201320698611
201410085511
201110350911
201220458311
201420697911
201010074711
201120432511
201320517411
201410083811
201320516011
201420538711
201510174011
201520550711
201410085711
201210078711
200820584511
201120431811
201510173311
201120431311
201220455011
201320516111
201420539911
200910245311
201410083411
201220457711
201220457511
201210332611
201120432811
201410085611
201010077511
200920392411
201210081611
201410084611
201110350211
201110351411
201510172611
200910129611
201210080411
201110377111
201220455411
201120587811
201420539311
201420541011
201520713511
201210079611
201410084011
201420541111
201520549411
200920545911
201520548711
201320519111
201120433711
201310082011
201520549911
201310081111
200820590011
201510176211
200820447211
201210082111
201220456111
201420538211
201520713111
201210079111
201520548411
201120587711
201120587511
201320519011
201020583511
201120432911
201310080611
201020418211
201210082011
201210332711
201020418011
201420538511
201210078811
201510174411
201120587311
201420538311
201520713211
200920392111
201420539811
201310081611
201210081911
201320516511
201120587411
201420540511
201220458511
200920545511
201010077111
201410083211
201310078511
201020582811
201010075311
201520548111
201120587211
201120430711
200910058611
201520550111
201510175811
201520550011
201020583011
201120433511
201320517611
201520549111
201510175911
201510175211
200920389011
201220458011
201410085211
201420540411
201020415311
201120587111
201520551511
201420540911
201220455111
201110351611
201120433011
200720494811
201020415011
200920389311
201510442711
201510174211
201310079511
201120433111
201510172411
201110352311
201510174711
201420540811
201410340311
201410007214
201310058611
201110347911
201310059611
200810111911
201210060111
201510154111
201510475211
201110353011
201510153811
201110348911
201510475111
201510152511
201510150911
201310410211
200810255111
200810209511
200810360811
201510151711
201410063111
201510000312
201510153411
201410064411
201310060011
200910295811
201110347711
201510153111
201510153611
201510153911
201310059711
200810134011
201210378011
200910224011
201210059311
200810243211
200810055711
201410062411
201110348411
201310058511
201410063311
201210058911
201510152711
200810328011
201510152811
201410063911
201310444211
201010324811
200810303411
201510151011
201310410611
201410061811
201010324111
201410062211
201510153711
201210060011
201510151211
201410062311
201310060111
201210010714
201210058411
201010324711
201410063811
201410062911
200810292111
200910074011
201110376811
201210058811
201510485011
201410063711
200910118611
201110348311
201310060311
200810259511
201010055011
201510151411
201510152411
201410064111
201310409911
201010324511
201510152211
201410340911
201510438411
201510151911
201410064011
201510150811
201510437811
201410063611
201210326211
201510153511
201510152611
201310059111
201310444511
201510152911
201410063511
201310060211
201310409711
200910172511
201010055311
201410463511
201310060411
201210058211
201210058511
201210393311
201310444411
201020415611
201310460311
201310460511
201510151811
201110352911
201510153011
201410340011
201110376711
201010324011
201110349211
201510152011
201110348511
201510151111
201310058811
201410062711
201510153211
201310410911
201310455111
201110348111
201210059811
200910038811
201210377911
201210059011
201410062811
201010324311
201310059011
201410064211
201010362811
201410062511
201210378311
200810330811
200810277711
201010054911
201210058711
201510438511
201210059111
201410062011
201310059811
201110347811
200910210911
200810262811
201110348611
200810163911
201110352811
201210059511
201410340411
201510151311
201210059411
201310058411
201510151611
201110349011
201410340211
201110348011
201410064311
201410063211
201010054011
201310411111
201310057711
201310058711
201010054211
201410063011
201410340711
201110348811